{
 "cells": [
  {
   "cell_type": "code",
   "execution_count": 1,
   "metadata": {},
   "outputs": [],
   "source": [
    "import numpy as np\n",
    "import pandas as pd\n",
    "from sklearn.linear_model import LinearRegression\n",
    "from sklearn.metrics import mean_squared_error\n",
    "from sklearn.model_selection import train_test_split\n",
    "from sklearn.model_selection import cross_val_score\n",
    "\n",
    "\n",
    "import matplotlib.pyplot as plt\n",
    "import seaborn as sns"
   ]
  },
  {
   "cell_type": "code",
   "execution_count": 2,
   "metadata": {},
   "outputs": [
    {
     "data": {
      "text/html": [
       "<div>\n",
       "<style scoped>\n",
       "    .dataframe tbody tr th:only-of-type {\n",
       "        vertical-align: middle;\n",
       "    }\n",
       "\n",
       "    .dataframe tbody tr th {\n",
       "        vertical-align: top;\n",
       "    }\n",
       "\n",
       "    .dataframe thead th {\n",
       "        text-align: right;\n",
       "    }\n",
       "</style>\n",
       "<table border=\"1\" class=\"dataframe\">\n",
       "  <thead>\n",
       "    <tr style=\"text-align: right;\">\n",
       "      <th></th>\n",
       "      <th>AGE</th>\n",
       "      <th>B</th>\n",
       "      <th>RM</th>\n",
       "      <th>CRIM</th>\n",
       "      <th>DIS</th>\n",
       "      <th>INDUS</th>\n",
       "      <th>LSTAT</th>\n",
       "      <th>NOX</th>\n",
       "      <th>PTRATIO</th>\n",
       "      <th>RAD</th>\n",
       "      <th>ZN</th>\n",
       "      <th>TAX</th>\n",
       "      <th>CHAS</th>\n",
       "      <th>Target</th>\n",
       "    </tr>\n",
       "  </thead>\n",
       "  <tbody>\n",
       "    <tr>\n",
       "      <th>0</th>\n",
       "      <td>65.2</td>\n",
       "      <td>396.90</td>\n",
       "      <td>6.575</td>\n",
       "      <td>0.00632</td>\n",
       "      <td>4.0900</td>\n",
       "      <td>2.31</td>\n",
       "      <td>4.98</td>\n",
       "      <td>0.538</td>\n",
       "      <td>15.3</td>\n",
       "      <td>1</td>\n",
       "      <td>18.0</td>\n",
       "      <td>296</td>\n",
       "      <td>0</td>\n",
       "      <td>24.0</td>\n",
       "    </tr>\n",
       "    <tr>\n",
       "      <th>1</th>\n",
       "      <td>78.9</td>\n",
       "      <td>396.90</td>\n",
       "      <td>6.421</td>\n",
       "      <td>0.02731</td>\n",
       "      <td>4.9671</td>\n",
       "      <td>7.07</td>\n",
       "      <td>9.14</td>\n",
       "      <td>0.469</td>\n",
       "      <td>17.8</td>\n",
       "      <td>2</td>\n",
       "      <td>0.0</td>\n",
       "      <td>242</td>\n",
       "      <td>0</td>\n",
       "      <td>21.6</td>\n",
       "    </tr>\n",
       "    <tr>\n",
       "      <th>2</th>\n",
       "      <td>61.1</td>\n",
       "      <td>392.83</td>\n",
       "      <td>7.185</td>\n",
       "      <td>0.02729</td>\n",
       "      <td>4.9671</td>\n",
       "      <td>7.07</td>\n",
       "      <td>4.03</td>\n",
       "      <td>0.469</td>\n",
       "      <td>17.8</td>\n",
       "      <td>2</td>\n",
       "      <td>0.0</td>\n",
       "      <td>242</td>\n",
       "      <td>0</td>\n",
       "      <td>34.7</td>\n",
       "    </tr>\n",
       "    <tr>\n",
       "      <th>3</th>\n",
       "      <td>45.8</td>\n",
       "      <td>394.63</td>\n",
       "      <td>6.998</td>\n",
       "      <td>0.03237</td>\n",
       "      <td>6.0622</td>\n",
       "      <td>2.18</td>\n",
       "      <td>2.94</td>\n",
       "      <td>0.458</td>\n",
       "      <td>18.7</td>\n",
       "      <td>3</td>\n",
       "      <td>0.0</td>\n",
       "      <td>222</td>\n",
       "      <td>0</td>\n",
       "      <td>33.4</td>\n",
       "    </tr>\n",
       "    <tr>\n",
       "      <th>4</th>\n",
       "      <td>54.2</td>\n",
       "      <td>396.90</td>\n",
       "      <td>7.147</td>\n",
       "      <td>0.06905</td>\n",
       "      <td>6.0622</td>\n",
       "      <td>2.18</td>\n",
       "      <td>5.33</td>\n",
       "      <td>0.458</td>\n",
       "      <td>18.7</td>\n",
       "      <td>3</td>\n",
       "      <td>0.0</td>\n",
       "      <td>222</td>\n",
       "      <td>0</td>\n",
       "      <td>36.2</td>\n",
       "    </tr>\n",
       "  </tbody>\n",
       "</table>\n",
       "</div>"
      ],
      "text/plain": [
       "    AGE       B     RM     CRIM     DIS  INDUS  LSTAT    NOX  PTRATIO  RAD  \\\n",
       "0  65.2  396.90  6.575  0.00632  4.0900   2.31   4.98  0.538     15.3    1   \n",
       "1  78.9  396.90  6.421  0.02731  4.9671   7.07   9.14  0.469     17.8    2   \n",
       "2  61.1  392.83  7.185  0.02729  4.9671   7.07   4.03  0.469     17.8    2   \n",
       "3  45.8  394.63  6.998  0.03237  6.0622   2.18   2.94  0.458     18.7    3   \n",
       "4  54.2  396.90  7.147  0.06905  6.0622   2.18   5.33  0.458     18.7    3   \n",
       "\n",
       "     ZN  TAX  CHAS  Target  \n",
       "0  18.0  296     0    24.0  \n",
       "1   0.0  242     0    21.6  \n",
       "2   0.0  242     0    34.7  \n",
       "3   0.0  222     0    33.4  \n",
       "4   0.0  222     0    36.2  "
      ]
     },
     "execution_count": 2,
     "metadata": {},
     "output_type": "execute_result"
    }
   ],
   "source": [
    "df = pd.read_csv('Boston_house.csv')\n",
    "df.head()"
   ]
  },
  {
   "cell_type": "code",
   "execution_count": 3,
   "metadata": {},
   "outputs": [
    {
     "data": {
      "text/html": [
       "<div>\n",
       "<style scoped>\n",
       "    .dataframe tbody tr th:only-of-type {\n",
       "        vertical-align: middle;\n",
       "    }\n",
       "\n",
       "    .dataframe tbody tr th {\n",
       "        vertical-align: top;\n",
       "    }\n",
       "\n",
       "    .dataframe thead th {\n",
       "        text-align: right;\n",
       "    }\n",
       "</style>\n",
       "<table border=\"1\" class=\"dataframe\">\n",
       "  <thead>\n",
       "    <tr style=\"text-align: right;\">\n",
       "      <th></th>\n",
       "      <th>AGE</th>\n",
       "      <th>B</th>\n",
       "      <th>RM</th>\n",
       "      <th>CRIM</th>\n",
       "      <th>DIS</th>\n",
       "      <th>INDUS</th>\n",
       "      <th>LSTAT</th>\n",
       "      <th>NOX</th>\n",
       "      <th>PTRATIO</th>\n",
       "      <th>RAD</th>\n",
       "      <th>ZN</th>\n",
       "      <th>TAX</th>\n",
       "      <th>CHAS</th>\n",
       "      <th>Target</th>\n",
       "    </tr>\n",
       "  </thead>\n",
       "  <tbody>\n",
       "    <tr>\n",
       "      <th>count</th>\n",
       "      <td>506.000000</td>\n",
       "      <td>506.000000</td>\n",
       "      <td>506.000000</td>\n",
       "      <td>506.000000</td>\n",
       "      <td>506.000000</td>\n",
       "      <td>506.000000</td>\n",
       "      <td>506.000000</td>\n",
       "      <td>506.000000</td>\n",
       "      <td>506.000000</td>\n",
       "      <td>506.000000</td>\n",
       "      <td>506.000000</td>\n",
       "      <td>506.000000</td>\n",
       "      <td>506.000000</td>\n",
       "      <td>506.000000</td>\n",
       "    </tr>\n",
       "    <tr>\n",
       "      <th>mean</th>\n",
       "      <td>68.574901</td>\n",
       "      <td>356.674032</td>\n",
       "      <td>6.284634</td>\n",
       "      <td>3.613524</td>\n",
       "      <td>3.795043</td>\n",
       "      <td>11.136779</td>\n",
       "      <td>12.653063</td>\n",
       "      <td>0.554695</td>\n",
       "      <td>18.455534</td>\n",
       "      <td>9.549407</td>\n",
       "      <td>11.363636</td>\n",
       "      <td>408.237154</td>\n",
       "      <td>0.069170</td>\n",
       "      <td>22.532806</td>\n",
       "    </tr>\n",
       "    <tr>\n",
       "      <th>std</th>\n",
       "      <td>28.148861</td>\n",
       "      <td>91.294864</td>\n",
       "      <td>0.702617</td>\n",
       "      <td>8.601545</td>\n",
       "      <td>2.105710</td>\n",
       "      <td>6.860353</td>\n",
       "      <td>7.141062</td>\n",
       "      <td>0.115878</td>\n",
       "      <td>2.164946</td>\n",
       "      <td>8.707259</td>\n",
       "      <td>23.322453</td>\n",
       "      <td>168.537116</td>\n",
       "      <td>0.253994</td>\n",
       "      <td>9.197104</td>\n",
       "    </tr>\n",
       "    <tr>\n",
       "      <th>min</th>\n",
       "      <td>2.900000</td>\n",
       "      <td>0.320000</td>\n",
       "      <td>3.561000</td>\n",
       "      <td>0.006320</td>\n",
       "      <td>1.129600</td>\n",
       "      <td>0.460000</td>\n",
       "      <td>1.730000</td>\n",
       "      <td>0.385000</td>\n",
       "      <td>12.600000</td>\n",
       "      <td>1.000000</td>\n",
       "      <td>0.000000</td>\n",
       "      <td>187.000000</td>\n",
       "      <td>0.000000</td>\n",
       "      <td>5.000000</td>\n",
       "    </tr>\n",
       "    <tr>\n",
       "      <th>25%</th>\n",
       "      <td>45.025000</td>\n",
       "      <td>375.377500</td>\n",
       "      <td>5.885500</td>\n",
       "      <td>0.082045</td>\n",
       "      <td>2.100175</td>\n",
       "      <td>5.190000</td>\n",
       "      <td>6.950000</td>\n",
       "      <td>0.449000</td>\n",
       "      <td>17.400000</td>\n",
       "      <td>4.000000</td>\n",
       "      <td>0.000000</td>\n",
       "      <td>279.000000</td>\n",
       "      <td>0.000000</td>\n",
       "      <td>17.025000</td>\n",
       "    </tr>\n",
       "    <tr>\n",
       "      <th>50%</th>\n",
       "      <td>77.500000</td>\n",
       "      <td>391.440000</td>\n",
       "      <td>6.208500</td>\n",
       "      <td>0.256510</td>\n",
       "      <td>3.207450</td>\n",
       "      <td>9.690000</td>\n",
       "      <td>11.360000</td>\n",
       "      <td>0.538000</td>\n",
       "      <td>19.050000</td>\n",
       "      <td>5.000000</td>\n",
       "      <td>0.000000</td>\n",
       "      <td>330.000000</td>\n",
       "      <td>0.000000</td>\n",
       "      <td>21.200000</td>\n",
       "    </tr>\n",
       "    <tr>\n",
       "      <th>75%</th>\n",
       "      <td>94.075000</td>\n",
       "      <td>396.225000</td>\n",
       "      <td>6.623500</td>\n",
       "      <td>3.677082</td>\n",
       "      <td>5.188425</td>\n",
       "      <td>18.100000</td>\n",
       "      <td>16.955000</td>\n",
       "      <td>0.624000</td>\n",
       "      <td>20.200000</td>\n",
       "      <td>24.000000</td>\n",
       "      <td>12.500000</td>\n",
       "      <td>666.000000</td>\n",
       "      <td>0.000000</td>\n",
       "      <td>25.000000</td>\n",
       "    </tr>\n",
       "    <tr>\n",
       "      <th>max</th>\n",
       "      <td>100.000000</td>\n",
       "      <td>396.900000</td>\n",
       "      <td>8.780000</td>\n",
       "      <td>88.976200</td>\n",
       "      <td>12.126500</td>\n",
       "      <td>27.740000</td>\n",
       "      <td>37.970000</td>\n",
       "      <td>0.871000</td>\n",
       "      <td>22.000000</td>\n",
       "      <td>24.000000</td>\n",
       "      <td>100.000000</td>\n",
       "      <td>711.000000</td>\n",
       "      <td>1.000000</td>\n",
       "      <td>50.000000</td>\n",
       "    </tr>\n",
       "  </tbody>\n",
       "</table>\n",
       "</div>"
      ],
      "text/plain": [
       "              AGE           B          RM        CRIM         DIS       INDUS  \\\n",
       "count  506.000000  506.000000  506.000000  506.000000  506.000000  506.000000   \n",
       "mean    68.574901  356.674032    6.284634    3.613524    3.795043   11.136779   \n",
       "std     28.148861   91.294864    0.702617    8.601545    2.105710    6.860353   \n",
       "min      2.900000    0.320000    3.561000    0.006320    1.129600    0.460000   \n",
       "25%     45.025000  375.377500    5.885500    0.082045    2.100175    5.190000   \n",
       "50%     77.500000  391.440000    6.208500    0.256510    3.207450    9.690000   \n",
       "75%     94.075000  396.225000    6.623500    3.677082    5.188425   18.100000   \n",
       "max    100.000000  396.900000    8.780000   88.976200   12.126500   27.740000   \n",
       "\n",
       "            LSTAT         NOX     PTRATIO         RAD          ZN         TAX  \\\n",
       "count  506.000000  506.000000  506.000000  506.000000  506.000000  506.000000   \n",
       "mean    12.653063    0.554695   18.455534    9.549407   11.363636  408.237154   \n",
       "std      7.141062    0.115878    2.164946    8.707259   23.322453  168.537116   \n",
       "min      1.730000    0.385000   12.600000    1.000000    0.000000  187.000000   \n",
       "25%      6.950000    0.449000   17.400000    4.000000    0.000000  279.000000   \n",
       "50%     11.360000    0.538000   19.050000    5.000000    0.000000  330.000000   \n",
       "75%     16.955000    0.624000   20.200000   24.000000   12.500000  666.000000   \n",
       "max     37.970000    0.871000   22.000000   24.000000  100.000000  711.000000   \n",
       "\n",
       "             CHAS      Target  \n",
       "count  506.000000  506.000000  \n",
       "mean     0.069170   22.532806  \n",
       "std      0.253994    9.197104  \n",
       "min      0.000000    5.000000  \n",
       "25%      0.000000   17.025000  \n",
       "50%      0.000000   21.200000  \n",
       "75%      0.000000   25.000000  \n",
       "max      1.000000   50.000000  "
      ]
     },
     "execution_count": 3,
     "metadata": {},
     "output_type": "execute_result"
    }
   ],
   "source": [
    "df.describe()"
   ]
  },
  {
   "cell_type": "code",
   "execution_count": 4,
   "metadata": {},
   "outputs": [
    {
     "data": {
      "text/plain": [
       "AGE        0\n",
       "B          0\n",
       "RM         0\n",
       "CRIM       0\n",
       "DIS        0\n",
       "INDUS      0\n",
       "LSTAT      0\n",
       "NOX        0\n",
       "PTRATIO    0\n",
       "RAD        0\n",
       "ZN         0\n",
       "TAX        0\n",
       "CHAS       0\n",
       "Target     0\n",
       "dtype: int64"
      ]
     },
     "execution_count": 4,
     "metadata": {},
     "output_type": "execute_result"
    }
   ],
   "source": [
    "df.isnull().sum()"
   ]
  },
  {
   "cell_type": "code",
   "execution_count": 5,
   "metadata": {},
   "outputs": [],
   "source": [
    "Input = df.iloc[:,:-1]\n",
    "Output = df.iloc[:, -1]"
   ]
  },
  {
   "cell_type": "code",
   "execution_count": 6,
   "metadata": {},
   "outputs": [],
   "source": [
    "X = Input.to_numpy()\n",
    "y = Output.to_numpy()"
   ]
  },
  {
   "cell_type": "code",
   "execution_count": 7,
   "metadata": {},
   "outputs": [
    {
     "data": {
      "text/plain": [
       "(pandas.core.frame.DataFrame,\n",
       " numpy.ndarray,\n",
       " pandas.core.series.Series,\n",
       " numpy.ndarray)"
      ]
     },
     "execution_count": 7,
     "metadata": {},
     "output_type": "execute_result"
    }
   ],
   "source": [
    "type(Input), type(X), type(Output), type(y)"
   ]
  },
  {
   "cell_type": "code",
   "execution_count": 8,
   "metadata": {},
   "outputs": [
    {
     "data": {
      "text/plain": [
       "LinearRegression()"
      ]
     },
     "execution_count": 8,
     "metadata": {},
     "output_type": "execute_result"
    }
   ],
   "source": [
    "rl = LinearRegression()\n",
    "rl.fit(X,y)"
   ]
  },
  {
   "cell_type": "code",
   "execution_count": 9,
   "metadata": {},
   "outputs": [
    {
     "name": "stdout",
     "output_type": "stream",
     "text": [
      "기울기:  [ 6.92224640e-04  9.31168327e-03  3.80986521e+00 -1.08011358e-01\n",
      " -1.47556685e+00  2.05586264e-02 -5.24758378e-01 -1.77666112e+01\n",
      " -9.52747232e-01  3.06049479e-01  4.64204584e-02 -1.23345939e-02\n",
      "  2.68673382e+00]\n",
      "절편: 36.45948838508971\n"
     ]
    }
   ],
   "source": [
    "print('기울기: ',rl.coef_)\n",
    "print('절편:', rl.intercept_)"
   ]
  },
  {
   "cell_type": "code",
   "execution_count": 10,
   "metadata": {},
   "outputs": [
    {
     "name": "stdout",
     "output_type": "stream",
     "text": [
      "R^2:  0.7406426641094094\n",
      "MSE:  21.894831181729206\n"
     ]
    }
   ],
   "source": [
    "y_hat = rl.predict(Input)\n",
    "\n",
    "print('R^2: ', rl.score(X, y))\n",
    "print('MSE: ', mean_squared_error(y,y_hat))"
   ]
  },
  {
   "cell_type": "code",
   "execution_count": 11,
   "metadata": {},
   "outputs": [],
   "source": [
    "X_train, X_test, y_train, y_test = train_test_split(X,\n",
    "                                                   y,\n",
    "                                                   test_size = 0.2,\n",
    "                                                   random_state = 1004)"
   ]
  },
  {
   "cell_type": "code",
   "execution_count": 12,
   "metadata": {},
   "outputs": [
    {
     "name": "stdout",
     "output_type": "stream",
     "text": [
      "X_train shape: (404, 13)\n",
      "X_test shape: (102, 13)\n",
      "y_train shape: (404,)\n",
      "y_test shape: (102,)\n"
     ]
    }
   ],
   "source": [
    "print('X_train shape:', X_train.shape)\n",
    "print('X_test shape:', X_test.shape)\n",
    "print('y_train shape:', y_train.shape)\n",
    "print('y_test shape:', y_test.shape)"
   ]
  },
  {
   "cell_type": "code",
   "execution_count": 14,
   "metadata": {},
   "outputs": [
    {
     "name": "stdout",
     "output_type": "stream",
     "text": [
      "R^2:  0.7282123460763663\n",
      "MSE:  22.928871857314128\n",
      "MSE:  19.450267341373557\n"
     ]
    }
   ],
   "source": [
    "rl.fit(X_train, y_train)\n",
    "y_train_hat = rl.predict(X_train)\n",
    "\n",
    "print('R^2: ', rl.score(X_train, y_train))\n",
    "print('MSE: ', mean_squared_error(y_train, y_train_hat))\n",
    "\n",
    "y_test_hat = rl.predict(X_test)\n",
    "\n",
    "print('MSE: ', mean_squared_error(y_test, y_test_hat))"
   ]
  },
  {
   "cell_type": "code",
   "execution_count": 15,
   "metadata": {},
   "outputs": [
    {
     "data": {
      "text/html": [
       "<div>\n",
       "<style scoped>\n",
       "    .dataframe tbody tr th:only-of-type {\n",
       "        vertical-align: middle;\n",
       "    }\n",
       "\n",
       "    .dataframe tbody tr th {\n",
       "        vertical-align: top;\n",
       "    }\n",
       "\n",
       "    .dataframe thead th {\n",
       "        text-align: right;\n",
       "    }\n",
       "</style>\n",
       "<table border=\"1\" class=\"dataframe\">\n",
       "  <thead>\n",
       "    <tr style=\"text-align: right;\">\n",
       "      <th></th>\n",
       "      <th>AGE</th>\n",
       "      <th>B</th>\n",
       "      <th>RM</th>\n",
       "      <th>CRIM</th>\n",
       "      <th>DIS</th>\n",
       "      <th>INDUS</th>\n",
       "      <th>LSTAT</th>\n",
       "      <th>NOX</th>\n",
       "      <th>PTRATIO</th>\n",
       "      <th>RAD</th>\n",
       "      <th>ZN</th>\n",
       "      <th>TAX</th>\n",
       "      <th>CHAS</th>\n",
       "      <th>Target</th>\n",
       "    </tr>\n",
       "  </thead>\n",
       "  <tbody>\n",
       "    <tr>\n",
       "      <th>AGE</th>\n",
       "      <td>1.000000</td>\n",
       "      <td>-0.273534</td>\n",
       "      <td>-0.240265</td>\n",
       "      <td>0.352734</td>\n",
       "      <td>-0.747881</td>\n",
       "      <td>0.644779</td>\n",
       "      <td>0.602339</td>\n",
       "      <td>0.731470</td>\n",
       "      <td>0.261515</td>\n",
       "      <td>0.456022</td>\n",
       "      <td>-0.569537</td>\n",
       "      <td>0.506456</td>\n",
       "      <td>0.086518</td>\n",
       "      <td>-0.376955</td>\n",
       "    </tr>\n",
       "    <tr>\n",
       "      <th>B</th>\n",
       "      <td>-0.273534</td>\n",
       "      <td>1.000000</td>\n",
       "      <td>0.128069</td>\n",
       "      <td>-0.385064</td>\n",
       "      <td>0.291512</td>\n",
       "      <td>-0.356977</td>\n",
       "      <td>-0.366087</td>\n",
       "      <td>-0.380051</td>\n",
       "      <td>-0.177383</td>\n",
       "      <td>-0.444413</td>\n",
       "      <td>0.175520</td>\n",
       "      <td>-0.441808</td>\n",
       "      <td>0.048788</td>\n",
       "      <td>0.333461</td>\n",
       "    </tr>\n",
       "    <tr>\n",
       "      <th>RM</th>\n",
       "      <td>-0.240265</td>\n",
       "      <td>0.128069</td>\n",
       "      <td>1.000000</td>\n",
       "      <td>-0.219247</td>\n",
       "      <td>0.205246</td>\n",
       "      <td>-0.391676</td>\n",
       "      <td>-0.613808</td>\n",
       "      <td>-0.302188</td>\n",
       "      <td>-0.355501</td>\n",
       "      <td>-0.209847</td>\n",
       "      <td>0.311991</td>\n",
       "      <td>-0.292048</td>\n",
       "      <td>0.091251</td>\n",
       "      <td>0.695360</td>\n",
       "    </tr>\n",
       "    <tr>\n",
       "      <th>CRIM</th>\n",
       "      <td>0.352734</td>\n",
       "      <td>-0.385064</td>\n",
       "      <td>-0.219247</td>\n",
       "      <td>1.000000</td>\n",
       "      <td>-0.379670</td>\n",
       "      <td>0.406583</td>\n",
       "      <td>0.455621</td>\n",
       "      <td>0.420972</td>\n",
       "      <td>0.289946</td>\n",
       "      <td>0.625505</td>\n",
       "      <td>-0.200469</td>\n",
       "      <td>0.582764</td>\n",
       "      <td>-0.055892</td>\n",
       "      <td>-0.388305</td>\n",
       "    </tr>\n",
       "    <tr>\n",
       "      <th>DIS</th>\n",
       "      <td>-0.747881</td>\n",
       "      <td>0.291512</td>\n",
       "      <td>0.205246</td>\n",
       "      <td>-0.379670</td>\n",
       "      <td>1.000000</td>\n",
       "      <td>-0.708027</td>\n",
       "      <td>-0.496996</td>\n",
       "      <td>-0.769230</td>\n",
       "      <td>-0.232471</td>\n",
       "      <td>-0.494588</td>\n",
       "      <td>0.664408</td>\n",
       "      <td>-0.534432</td>\n",
       "      <td>-0.099176</td>\n",
       "      <td>0.249929</td>\n",
       "    </tr>\n",
       "    <tr>\n",
       "      <th>INDUS</th>\n",
       "      <td>0.644779</td>\n",
       "      <td>-0.356977</td>\n",
       "      <td>-0.391676</td>\n",
       "      <td>0.406583</td>\n",
       "      <td>-0.708027</td>\n",
       "      <td>1.000000</td>\n",
       "      <td>0.603800</td>\n",
       "      <td>0.763651</td>\n",
       "      <td>0.383248</td>\n",
       "      <td>0.595129</td>\n",
       "      <td>-0.533828</td>\n",
       "      <td>0.720760</td>\n",
       "      <td>0.062938</td>\n",
       "      <td>-0.483725</td>\n",
       "    </tr>\n",
       "    <tr>\n",
       "      <th>LSTAT</th>\n",
       "      <td>0.602339</td>\n",
       "      <td>-0.366087</td>\n",
       "      <td>-0.613808</td>\n",
       "      <td>0.455621</td>\n",
       "      <td>-0.496996</td>\n",
       "      <td>0.603800</td>\n",
       "      <td>1.000000</td>\n",
       "      <td>0.590879</td>\n",
       "      <td>0.374044</td>\n",
       "      <td>0.488676</td>\n",
       "      <td>-0.412995</td>\n",
       "      <td>0.543993</td>\n",
       "      <td>-0.053929</td>\n",
       "      <td>-0.737663</td>\n",
       "    </tr>\n",
       "    <tr>\n",
       "      <th>NOX</th>\n",
       "      <td>0.731470</td>\n",
       "      <td>-0.380051</td>\n",
       "      <td>-0.302188</td>\n",
       "      <td>0.420972</td>\n",
       "      <td>-0.769230</td>\n",
       "      <td>0.763651</td>\n",
       "      <td>0.590879</td>\n",
       "      <td>1.000000</td>\n",
       "      <td>0.188933</td>\n",
       "      <td>0.611441</td>\n",
       "      <td>-0.516604</td>\n",
       "      <td>0.668023</td>\n",
       "      <td>0.091203</td>\n",
       "      <td>-0.427321</td>\n",
       "    </tr>\n",
       "    <tr>\n",
       "      <th>PTRATIO</th>\n",
       "      <td>0.261515</td>\n",
       "      <td>-0.177383</td>\n",
       "      <td>-0.355501</td>\n",
       "      <td>0.289946</td>\n",
       "      <td>-0.232471</td>\n",
       "      <td>0.383248</td>\n",
       "      <td>0.374044</td>\n",
       "      <td>0.188933</td>\n",
       "      <td>1.000000</td>\n",
       "      <td>0.464741</td>\n",
       "      <td>-0.391679</td>\n",
       "      <td>0.460853</td>\n",
       "      <td>-0.121515</td>\n",
       "      <td>-0.507787</td>\n",
       "    </tr>\n",
       "    <tr>\n",
       "      <th>RAD</th>\n",
       "      <td>0.456022</td>\n",
       "      <td>-0.444413</td>\n",
       "      <td>-0.209847</td>\n",
       "      <td>0.625505</td>\n",
       "      <td>-0.494588</td>\n",
       "      <td>0.595129</td>\n",
       "      <td>0.488676</td>\n",
       "      <td>0.611441</td>\n",
       "      <td>0.464741</td>\n",
       "      <td>1.000000</td>\n",
       "      <td>-0.311948</td>\n",
       "      <td>0.910228</td>\n",
       "      <td>-0.007368</td>\n",
       "      <td>-0.381626</td>\n",
       "    </tr>\n",
       "    <tr>\n",
       "      <th>ZN</th>\n",
       "      <td>-0.569537</td>\n",
       "      <td>0.175520</td>\n",
       "      <td>0.311991</td>\n",
       "      <td>-0.200469</td>\n",
       "      <td>0.664408</td>\n",
       "      <td>-0.533828</td>\n",
       "      <td>-0.412995</td>\n",
       "      <td>-0.516604</td>\n",
       "      <td>-0.391679</td>\n",
       "      <td>-0.311948</td>\n",
       "      <td>1.000000</td>\n",
       "      <td>-0.314563</td>\n",
       "      <td>-0.042697</td>\n",
       "      <td>0.360445</td>\n",
       "    </tr>\n",
       "    <tr>\n",
       "      <th>TAX</th>\n",
       "      <td>0.506456</td>\n",
       "      <td>-0.441808</td>\n",
       "      <td>-0.292048</td>\n",
       "      <td>0.582764</td>\n",
       "      <td>-0.534432</td>\n",
       "      <td>0.720760</td>\n",
       "      <td>0.543993</td>\n",
       "      <td>0.668023</td>\n",
       "      <td>0.460853</td>\n",
       "      <td>0.910228</td>\n",
       "      <td>-0.314563</td>\n",
       "      <td>1.000000</td>\n",
       "      <td>-0.035587</td>\n",
       "      <td>-0.468536</td>\n",
       "    </tr>\n",
       "    <tr>\n",
       "      <th>CHAS</th>\n",
       "      <td>0.086518</td>\n",
       "      <td>0.048788</td>\n",
       "      <td>0.091251</td>\n",
       "      <td>-0.055892</td>\n",
       "      <td>-0.099176</td>\n",
       "      <td>0.062938</td>\n",
       "      <td>-0.053929</td>\n",
       "      <td>0.091203</td>\n",
       "      <td>-0.121515</td>\n",
       "      <td>-0.007368</td>\n",
       "      <td>-0.042697</td>\n",
       "      <td>-0.035587</td>\n",
       "      <td>1.000000</td>\n",
       "      <td>0.175260</td>\n",
       "    </tr>\n",
       "    <tr>\n",
       "      <th>Target</th>\n",
       "      <td>-0.376955</td>\n",
       "      <td>0.333461</td>\n",
       "      <td>0.695360</td>\n",
       "      <td>-0.388305</td>\n",
       "      <td>0.249929</td>\n",
       "      <td>-0.483725</td>\n",
       "      <td>-0.737663</td>\n",
       "      <td>-0.427321</td>\n",
       "      <td>-0.507787</td>\n",
       "      <td>-0.381626</td>\n",
       "      <td>0.360445</td>\n",
       "      <td>-0.468536</td>\n",
       "      <td>0.175260</td>\n",
       "      <td>1.000000</td>\n",
       "    </tr>\n",
       "  </tbody>\n",
       "</table>\n",
       "</div>"
      ],
      "text/plain": [
       "              AGE         B        RM      CRIM       DIS     INDUS     LSTAT  \\\n",
       "AGE      1.000000 -0.273534 -0.240265  0.352734 -0.747881  0.644779  0.602339   \n",
       "B       -0.273534  1.000000  0.128069 -0.385064  0.291512 -0.356977 -0.366087   \n",
       "RM      -0.240265  0.128069  1.000000 -0.219247  0.205246 -0.391676 -0.613808   \n",
       "CRIM     0.352734 -0.385064 -0.219247  1.000000 -0.379670  0.406583  0.455621   \n",
       "DIS     -0.747881  0.291512  0.205246 -0.379670  1.000000 -0.708027 -0.496996   \n",
       "INDUS    0.644779 -0.356977 -0.391676  0.406583 -0.708027  1.000000  0.603800   \n",
       "LSTAT    0.602339 -0.366087 -0.613808  0.455621 -0.496996  0.603800  1.000000   \n",
       "NOX      0.731470 -0.380051 -0.302188  0.420972 -0.769230  0.763651  0.590879   \n",
       "PTRATIO  0.261515 -0.177383 -0.355501  0.289946 -0.232471  0.383248  0.374044   \n",
       "RAD      0.456022 -0.444413 -0.209847  0.625505 -0.494588  0.595129  0.488676   \n",
       "ZN      -0.569537  0.175520  0.311991 -0.200469  0.664408 -0.533828 -0.412995   \n",
       "TAX      0.506456 -0.441808 -0.292048  0.582764 -0.534432  0.720760  0.543993   \n",
       "CHAS     0.086518  0.048788  0.091251 -0.055892 -0.099176  0.062938 -0.053929   \n",
       "Target  -0.376955  0.333461  0.695360 -0.388305  0.249929 -0.483725 -0.737663   \n",
       "\n",
       "              NOX   PTRATIO       RAD        ZN       TAX      CHAS    Target  \n",
       "AGE      0.731470  0.261515  0.456022 -0.569537  0.506456  0.086518 -0.376955  \n",
       "B       -0.380051 -0.177383 -0.444413  0.175520 -0.441808  0.048788  0.333461  \n",
       "RM      -0.302188 -0.355501 -0.209847  0.311991 -0.292048  0.091251  0.695360  \n",
       "CRIM     0.420972  0.289946  0.625505 -0.200469  0.582764 -0.055892 -0.388305  \n",
       "DIS     -0.769230 -0.232471 -0.494588  0.664408 -0.534432 -0.099176  0.249929  \n",
       "INDUS    0.763651  0.383248  0.595129 -0.533828  0.720760  0.062938 -0.483725  \n",
       "LSTAT    0.590879  0.374044  0.488676 -0.412995  0.543993 -0.053929 -0.737663  \n",
       "NOX      1.000000  0.188933  0.611441 -0.516604  0.668023  0.091203 -0.427321  \n",
       "PTRATIO  0.188933  1.000000  0.464741 -0.391679  0.460853 -0.121515 -0.507787  \n",
       "RAD      0.611441  0.464741  1.000000 -0.311948  0.910228 -0.007368 -0.381626  \n",
       "ZN      -0.516604 -0.391679 -0.311948  1.000000 -0.314563 -0.042697  0.360445  \n",
       "TAX      0.668023  0.460853  0.910228 -0.314563  1.000000 -0.035587 -0.468536  \n",
       "CHAS     0.091203 -0.121515 -0.007368 -0.042697 -0.035587  1.000000  0.175260  \n",
       "Target  -0.427321 -0.507787 -0.381626  0.360445 -0.468536  0.175260  1.000000  "
      ]
     },
     "execution_count": 15,
     "metadata": {},
     "output_type": "execute_result"
    }
   ],
   "source": [
    "df.corr()"
   ]
  },
  {
   "cell_type": "code",
   "execution_count": 16,
   "metadata": {},
   "outputs": [
    {
     "data": {
      "text/plain": [
       "<matplotlib.axes._subplots.AxesSubplot at 0x7f124eae6490>"
      ]
     },
     "execution_count": 16,
     "metadata": {},
     "output_type": "execute_result"
    },
    {
     "data": {
